3.000000000000000e-010 -5.388765882555870e-009 
3.001000000000000e-010 -5.391422284785669e-009 
3.002000000000000e-010 -5.396110791311581e-009 
3.002999999999999e-010 -5.399704397751983e-009 
3.003999999999999e-010 -5.399677217549010e-009 
3.004999999999999e-010 -5.394151543016121e-009 
3.005999999999999e-010 -5.381904690517614e-009 
3.006999999999999e-010 -5.362340487745862e-009 
3.007999999999998e-010 -5.335431609710128e-009 
3.008999999999998e-010 -5.301639513328749e-009 
3.009999999999998e-010 -5.261818985226659e-009 
3.010999999999998e-010 -5.217114490120868e-009 
3.011999999999998e-010 -5.168854612003816e-009 
3.012999999999997e-010 -5.118450502469222e-009 
3.013999999999997e-010 -5.067303242652907e-009 
3.014999999999997e-010 -5.016723700101231e-009 
3.015999999999997e-010 -4.967867676782417e-009 
3.016999999999996e-010 -4.921687854039756e-009 
3.017999999999996e-010 -4.878902832891588e-009 
3.018999999999996e-010 -4.839982900103768e-009 
3.019999999999996e-010 -4.805151087304058e-009 
3.020999999999996e-010 -4.774397537140694e-009 
3.021999999999995e-010 -4.747504897768544e-009 
3.022999999999995e-010 -4.724081847392003e-009 
3.023999999999995e-010 -4.703602079047509e-009 
3.024999999999995e-010 -4.685446000123985e-009 
3.025999999999995e-010 -4.668942595090570e-009 
3.026999999999994e-010 -4.653409290589335e-009 
3.027999999999994e-010 -4.638187890785693e-009 
3.028999999999994e-010 -4.622675247320467e-009 
3.029999999999994e-010 -4.606347735141388e-009 
3.030999999999994e-010 -4.588778905467983e-009 
3.031999999999993e-010 -4.569650414315329e-009 
3.032999999999993e-010 -4.548756225095816e-009 
3.033999999999993e-010 -4.526000937605745e-009 
3.034999999999993e-010 -4.501392825668961e-009 
3.035999999999992e-010 -4.475032668959662e-009 
3.036999999999992e-010 -4.447099389292471e-009 
3.037999999999992e-010 -4.417833638520161e-009 
3.038999999999992e-010 -4.387520282546576e-009 
3.039999999999992e-010 -4.356470859431483e-009 
3.040999999999991e-010 -4.325006806554619e-009 
3.041999999999991e-010 -4.293444182665131e-009 
3.042999999999991e-010 -4.262080373604951e-009 
3.043999999999991e-010 -4.231183239207525e-009 
3.044999999999991e-010 -4.200982885655499e-009 
3.045999999999990e-010 -4.171665992263739e-009 
3.046999999999990e-010 -4.143372855134809e-009 
3.047999999999990e-010 -4.116196742405601e-009 
3.048999999999990e-010 -4.090185400946510e-009 
3.049999999999990e-010 -4.065344315774354e-009 
3.050999999999989e-010 -4.041641403208181e-009 
3.051999999999989e-010 -4.019012711012703e-009 
3.052999999999989e-010 -3.997368743227557e-009 
3.053999999999989e-010 -3.976601021638209e-009 
3.054999999999988e-010 -3.956588688338854e-009 
3.055999999999988e-010 -3.937204690930952e-009 
3.056999999999988e-010 -3.918321483504258e-009 
3.057999999999988e-010 -3.899815936559497e-009 
3.058999999999988e-010 -3.881573536286371e-009 
3.059999999999987e-010 -3.863491551561791e-009 
3.060999999999987e-010 -3.845481417888892e-009 
3.061999999999987e-010 -3.827470194796475e-009 
3.062999999999987e-010 -3.809401207488854e-009 
3.063999999999987e-010 -3.791233946853254e-009 
3.064999999999986e-010 -3.772943411513772e-009 
3.065999999999986e-010 -3.754518838652107e-009 
3.066999999999986e-010 -3.735962098763581e-009 
3.067999999999986e-010 -3.717285846804092e-009 
3.068999999999986e-010 -3.698511485682710e-009 
3.069999999999985e-010 -3.679667031460462e-009 
3.070999999999985e-010 -3.660785086100998e-009 
3.071999999999985e-010 -3.641900837820267e-009 
3.072999999999985e-010 -3.623050348467562e-009 
3.073999999999984e-010 -3.604268915825931e-009 
3.074999999999984e-010 -3.585589804177803e-009 
3.075999999999984e-010 -3.567043160158364e-009 
3.076999999999984e-010 -3.548655231657708e-009 
3.077999999999984e-010 -3.530447825300957e-009 
3.078999999999983e-010 -3.512438027549466e-009 
3.079999999999983e-010 -3.494638162745235e-009 
3.080999999999983e-010 -3.477055870311539e-009 
3.081999999999983e-010 -3.459694468329606e-009 
3.082999999999983e-010 -3.442553317647944e-009 
3.083999999999982e-010 -3.425628380124131e-009 
3.084999999999982e-010 -3.408912777795671e-009 
3.085999999999982e-010 -3.392397419960140e-009 
3.086999999999982e-010 -3.376071591314573e-009 
3.087999999999982e-010 -3.359923603826577e-009 
3.088999999999981e-010 -3.343941282958707e-009 
3.089999999999981e-010 -3.328112492003523e-009 
3.090999999999981e-010 -3.312425569357933e-009 
3.091999999999981e-010 -3.296869665613150e-009 
3.092999999999980e-010 -3.281435014656410e-009 
3.093999999999980e-010 -3.266113083061821e-009 
3.094999999999980e-010 -3.250896748645260e-009 
3.095999999999980e-010 -3.235780290423294e-009 
3.096999999999980e-010 -3.220759361300107e-009 
3.097999999999979e-010 -3.205830922886265e-009 
3.098999999999979e-010 -3.190993102448762e-009 
3.099999999999979e-010 -3.176245081198876e-009 
3.100999999999979e-010 -3.161586858165149e-009 
3.101999999999979e-010 -3.147019116209360e-009 
3.102999999999978e-010 -3.132542984612018e-009 
3.103999999999978e-010 -3.118159890068742e-009 
3.104999999999978e-010 -3.103871402884686e-009 
3.105999999999978e-010 -3.089679049192056e-009 
3.106999999999978e-010 -3.075584218505291e-009 
3.107999999999977e-010 -3.061588060884135e-009 
3.108999999999977e-010 -3.047691410182637e-009 
3.109999999999977e-010 -3.033894766340730e-009 
3.110999999999977e-010 -3.020198210259468e-009 
3.111999999999976e-010 -3.006601480841701e-009 
3.112999999999976e-010 -2.993103965598842e-009 
3.113999999999976e-010 -2.979704734399687e-009 
3.114999999999976e-010 -2.966402578779879e-009 
3.115999999999976e-010 -2.953196088282934e-009 
3.116999999999975e-010 -2.940083703588202e-009 
3.117999999999975e-010 -2.927063758023590e-009 
3.118999999999975e-010 -2.914134551832080e-009 
3.119999999999975e-010 -2.901294376792920e-009 
3.120999999999975e-010 -2.888541594631823e-009 
3.121999999999974e-010 -2.875874629412563e-009 
3.122999999999974e-010 -2.863292025799641e-009 
3.123999999999974e-010 -2.850792454924481e-009 
3.124999999999974e-010 -2.838374727772296e-009 
3.125999999999974e-010 -2.826037759580936e-009 
3.126999999999973e-010 -2.813780612306393e-009 
3.127999999999973e-010 -2.801602474192012e-009 
3.128999999999973e-010 -2.789502626990366e-009 
3.129999999999973e-010 -2.777480413611321e-009 
3.130999999999972e-010 -2.765535273499573e-009 
3.131999999999972e-010 -2.753666639675743e-009 
3.132999999999972e-010 -2.741874000075468e-009 
3.133999999999972e-010 -2.730156852485202e-009 
3.134999999999972e-010 -2.718514663358133e-009 
3.135999999999971e-010 -2.706946897603978e-009 
3.136999999999971e-010 -2.695452968550019e-009 
3.137999999999971e-010 -2.684032282465882e-009 
3.138999999999971e-010 -2.672684191023319e-009 
3.139999999999971e-010 -2.661408015959763e-009 
3.140999999999970e-010 -2.650203050672794e-009 
3.141999999999970e-010 -2.639068540538130e-009 
3.142999999999970e-010 -2.628003732834102e-009 
3.143999999999970e-010 -2.617007845136807e-009 
3.144999999999970e-010 -2.606080082008703e-009 
3.145999999999969e-010 -2.595219672858936e-009 
3.146999999999969e-010 -2.584425839883499e-009 
3.147999999999969e-010 -2.573697813587598e-009 
3.148999999999969e-010 -2.563034847187265e-009 
3.149999999999968e-010 -2.552436218275962e-009 
3.150999999999968e-010 -2.541901218953617e-009 
3.151999999999968e-010 -2.531429180109004e-009 
3.152999999999968e-010 -2.521019481601441e-009 
3.153999999999968e-010 -2.510671494209870e-009 
3.154999999999967e-010 -2.500384626912909e-009 
3.155999999999967e-010 -2.490158324804784e-009 
3.156999999999967e-010 -2.479992055453380e-009 
3.157999999999967e-010 -2.469885285084701e-009 
3.158999999999967e-010 -2.459837523511553e-009 
3.159999999999966e-010 -2.449848286572357e-009 
3.160999999999966e-010 -2.439917106084137e-009 
3.161999999999966e-010 -2.430043505623807e-009 
3.162999999999966e-010 -2.420227022929154e-009 
3.163999999999966e-010 -2.410467196913470e-009 
3.164999999999965e-010 -2.400763567011994e-009 
3.165999999999965e-010 -2.391115683696631e-009 
3.166999999999965e-010 -2.381523073578543e-009 
3.167999999999965e-010 -2.371985296941661e-009 
3.168999999999964e-010 -2.362501877708666e-009 
3.169999999999964e-010 -2.353072351153995e-009 
3.170999999999964e-010 -2.343696240973323e-009 
3.171999999999964e-010 -2.334373094089485e-009 
3.172999999999964e-010 -2.325102445429813e-009 
3.173999999999963e-010 -2.315883819504648e-009 
3.174999999999963e-010 -2.306716765402022e-009 
3.175999999999963e-010 -2.297600821859040e-009 
3.176999999999963e-010 -2.288535530037199e-009 
3.177999999999963e-010 -2.279520434235224e-009 
3.178999999999962e-010 -2.270555093661493e-009 
3.179999999999962e-010 -2.261639070676864e-009 
3.180999999999962e-010 -2.252771942418014e-009 
3.181999999999962e-010 -2.243953266868335e-009 
3.182999999999962e-010 -2.235182629963482e-009 
3.183999999999961e-010 -2.226459621643705e-009 
3.184999999999961e-010 -2.217783847194281e-009 
3.185999999999961e-010 -2.209154915210513e-009 
3.186999999999961e-010 -2.200572426676445e-009 
3.187999999999961e-010 -2.192035998534042e-009 
3.188999999999960e-010 -2.183545273900461e-009 
3.189999999999960e-010 -2.175099875369073e-009 
3.190999999999960e-010 -2.166699440561482e-009 
3.191999999999960e-010 -2.158343621088715e-009 
3.192999999999959e-010 -2.150032048050223e-009 
3.193999999999959e-010 -2.141764389890964e-009 
3.194999999999959e-010 -2.133540304646039e-009 
3.195999999999959e-010 -2.125359441017761e-009 
3.196999999999959e-010 -2.117221472858724e-009 
3.197999999999958e-010 -2.109126063740058e-009 
3.198999999999958e-010 -2.101072879125341e-009 
3.199999999999958e-010 -2.093061597590047e-009 
3.200999999999958e-010 -2.085091898692382e-009 
3.201999999999958e-010 -2.077163462996651e-009 
3.202999999999957e-010 -2.069275950093107e-009 
3.203999999999957e-010 -2.061429067615535e-009 
3.204999999999957e-010 -2.053622500233137e-009 
3.205999999999957e-010 -2.045855923082433e-009 
3.206999999999957e-010 -2.038129036492571e-009 
3.207999999999956e-010 -2.030441541758142e-009 
3.208999999999956e-010 -2.022793130163676e-009 
3.209999999999956e-010 -2.015183495400796e-009 
3.210999999999956e-010 -2.007612355974282e-009 
3.211999999999955e-010 -2.000079408802955e-009 
3.212999999999955e-010 -1.992584375977931e-009 
3.213999999999955e-010 -1.985126969286847e-009 
3.214999999999955e-010 -1.977706913668546e-009 
3.215999999999955e-010 -1.970323912934997e-009 
3.216999999999954e-010 -1.962977707720570e-009 
3.217999999999954e-010 -1.955668005675986e-009 
3.218999999999954e-010 -1.948394562585643e-009 
3.219999999999954e-010 -1.941157111375727e-009 
3.220999999999954e-010 -1.933955375475673e-009 
3.221999999999953e-010 -1.926789103391991e-009 
3.222999999999953e-010 -1.919658033267074e-009 
3.223999999999953e-010 -1.912561905291267e-009 
3.224999999999953e-010 -1.905500483998815e-009 
3.225999999999953e-010 -1.898473522675191e-009 
3.226999999999952e-010 -1.891480753392949e-009 
3.227999999999952e-010 -1.884521945007723e-009 
3.228999999999952e-010 -1.877596855536686e-009 
3.229999999999952e-010 -1.870705255488879e-009 
3.230999999999951e-010 -1.863846893437060e-009 
3.231999999999951e-010 -1.857021542846412e-009 
3.232999999999951e-010 -1.850228966619799e-009 
3.233999999999951e-010 -1.843468940485676e-009 
3.234999999999951e-010 -1.836741240931619e-009 
3.235999999999950e-010 -1.830045634085813e-009 
3.236999999999950e-010 -1.823381899119234e-009 
3.237999999999950e-010 -1.816749816242838e-009 
3.238999999999950e-010 -1.810149166777371e-009 
3.239999999999950e-010 -1.803579733220775e-009 
3.240999999999949e-010 -1.797041299307841e-009 
3.241999999999949e-010 -1.790533661216096e-009 
3.242999999999949e-010 -1.784056593268097e-009 
3.243999999999949e-010 -1.777609894688997e-009 
3.244999999999949e-010 -1.771193365256388e-009 
3.245999999999948e-010 -1.764806794144529e-009 
3.246999999999948e-010 -1.758449994437901e-009 
3.247999999999948e-010 -1.752122756494913e-009 
3.248999999999948e-010 -1.745824883545666e-009 
3.249999999999947e-010 -1.739556168638746e-009 
3.250999999999947e-010 -1.733316429119209e-009 
3.251999999999947e-010 -1.727105471168042e-009 
3.252999999999947e-010 -1.720923090964641e-009 
3.253999999999947e-010 -1.714769109292840e-009 
3.254999999999946e-010 -1.708643347146714e-009 
3.255999999999946e-010 -1.702545614491792e-009 
3.256999999999946e-010 -1.696475722598209e-009 
3.257999999999946e-010 -1.690433495244908e-009 
3.258999999999946e-010 -1.684418745562110e-009 
3.259999999999945e-010 -1.678431299351471e-009 
3.260999999999945e-010 -1.672470971921781e-009 
3.261999999999945e-010 -1.666537602554379e-009 
3.262999999999945e-010 -1.660631018926429e-009 
3.263999999999945e-010 -1.654751038238816e-009 
3.264999999999944e-010 -1.648897490611547e-009 
3.265999999999944e-010 -1.643070218124557e-009 
3.266999999999944e-010 -1.637269029356114e-009 
3.267999999999944e-010 -1.631493780550238e-009 
3.268999999999943e-010 -1.625744315625101e-009 
3.269999999999943e-010 -1.620020456033696e-009 
3.270999999999943e-010 -1.614322047603408e-009 
3.271999999999943e-010 -1.608648914080990e-009 
3.272999999999943e-010 -1.603000914973414e-009 
3.273999999999942e-010 -1.597377886695658e-009 
3.274999999999942e-010 -1.591779678036334e-009 
3.275999999999942e-010 -1.586206126924920e-009 
3.276999999999942e-010 -1.580657072913980e-009 
3.277999999999942e-010 -1.575132379460868e-009 
3.278999999999941e-010 -1.569631898291708e-009 
3.279999999999941e-010 -1.564155481525470e-009 
3.280999999999941e-010 -1.558702970654428e-009 
3.281999999999941e-010 -1.553274220030327e-009 
3.282999999999941e-010 -1.547869084816555e-009 
3.283999999999940e-010 -1.542487443178344e-009 
3.284999999999940e-010 -1.537129127263497e-009 
3.285999999999940e-010 -1.531793994429038e-009 
3.286999999999940e-010 -1.526481925212070e-009 
3.287999999999939e-010 -1.521192765458436e-009 
3.288999999999939e-010 -1.515926396320184e-009 
3.289999999999939e-010 -1.510682653339852e-009 
3.290999999999939e-010 -1.505461408658750e-009 
3.291999999999939e-010 -1.500262545664918e-009 
3.292999999999938e-010 -1.495085913314681e-009 
3.293999999999938e-010 -1.489931385053606e-009 
3.294999999999938e-010 -1.484798834544276e-009 
3.295999999999938e-010 -1.479688124457998e-009 
3.296999999999938e-010 -1.474599140947701e-009 
3.297999999999937e-010 -1.469531735971423e-009 
3.298999999999937e-010 -1.464485797347359e-009 
3.299999999999937e-010 -1.459461201043540e-009 
3.300999999999937e-010 -1.454457812194621e-009 
3.301999999999937e-010 -1.449475508686316e-009 
3.302999999999936e-010 -1.444514180086792e-009 
3.303999999999936e-010 -1.439573693038245e-009 
3.304999999999936e-010 -1.434653927015601e-009 
3.305999999999936e-010 -1.429754773241952e-009 
3.306999999999935e-010 -1.424876100275661e-009 
3.307999999999935e-010 -1.420017800666274e-009 
3.308999999999935e-010 -1.415179766504425e-009 
3.309999999999935e-010 -1.410361856127998e-009 
3.310999999999935e-010 -1.405563975269940e-009 
3.311999999999934e-010 -1.400786006139219e-009 
3.312999999999934e-010 -1.396027831768295e-009 
3.313999999999934e-010 -1.391289336107639e-009 
3.314999999999934e-010 -1.386570415222161e-009 
3.315999999999934e-010 -1.381870965049539e-009 
3.316999999999933e-010 -1.377190870251927e-009 
3.317999999999933e-010 -1.372530027544579e-009 
3.318999999999933e-010 -1.367888322501057e-009 
3.319999999999933e-010 -1.363265641836545e-009 
3.320999999999933e-010 -1.358661895658063e-009 
3.321999999999932e-010 -1.354076970812936e-009 
3.322999999999932e-010 -1.349510766369652e-009 
3.323999999999932e-010 -1.344963170385095e-009 
3.324999999999932e-010 -1.340434094416408e-009 
3.325999999999931e-010 -1.335923426857595e-009 
3.326999999999931e-010 -1.331431068494929e-009 
3.327999999999931e-010 -1.326956920429600e-009 
3.328999999999931e-010 -1.322500884030639e-009 
3.329999999999931e-010 -1.318062849848597e-009 
3.330999999999930e-010 -1.313642743331957e-009 
3.331999999999930e-010 -1.309240443667473e-009 
3.332999999999930e-010 -1.304855865939336e-009 
3.333999999999930e-010 -1.300488902453144e-009 
3.334999999999930e-010 -1.296139480414129e-009 
3.335999999999929e-010 -1.291807491914441e-009 
3.336999999999929e-010 -1.287492841707854e-009 
3.337999999999929e-010 -1.283195435198486e-009 
3.338999999999929e-010 -1.278915189576249e-009 
3.339999999999929e-010 -1.274651999303293e-009 
3.340999999999928e-010 -1.270405782828220e-009 
3.341999999999928e-010 -1.266176458181021e-009 
3.342999999999928e-010 -1.261963920701547e-009 
3.343999999999928e-010 -1.257768100835601e-009 
3.344999999999927e-010 -1.253588905298684e-009 
3.345999999999927e-010 -1.249426230340183e-009 
3.346999999999927e-010 -1.245280007422516e-009 
3.347999999999927e-010 -1.241150133321925e-009 
3.348999999999927e-010 -1.237036540119160e-009 
3.349999999999926e-010 -1.232939125271478e-009 
3.350999999999926e-010 -1.228857821523704e-009 
3.351999999999926e-010 -1.224792527044603e-009 
3.352999999999926e-010 -1.220743175409090e-009 
3.353999999999926e-010 -1.216709676793470e-009 
3.354999999999925e-010 -1.212691953425807e-009 
3.355999999999925e-010 -1.208689916344682e-009 
3.356999999999925e-010 -1.204703488714979e-009 
3.357999999999925e-010 -1.200732593620088e-009 
3.358999999999925e-010 -1.196777143049138e-009 
3.359999999999924e-010 -1.192837061298474e-009 
3.360999999999924e-010 -1.188912283784461e-009 
3.361999999999924e-010 -1.185002711476154e-009 
3.362999999999924e-010 -1.181108280913086e-009 
3.363999999999923e-010 -1.177228916538981e-009 
3.364999999999923e-010 -1.173364531782929e-009 
3.365999999999923e-010 -1.169515052499809e-009 
3.366999999999923e-010 -1.165680404819121e-009 
3.367999999999923e-010 -1.161860503979036e-009 
3.368999999999922e-010 -1.158055299917453e-009 
3.369999999999922e-010 -1.154264707255905e-009 
3.370999999999922e-010 -1.150488653001416e-009 
3.371999999999922e-010 -1.146727053315424e-009 
3.372999999999922e-010 -1.142979848049359e-009 
3.373999999999921e-010 -1.139246976256573e-009 
3.374999999999921e-010 -1.135528353815769e-009 
3.375999999999921e-010 -1.131823920125888e-009 
3.376999999999921e-010 -1.128133591585714e-009 
3.377999999999921e-010 -1.124457297211256e-009 
3.378999999999920e-010 -1.120794977714531e-009 
3.379999999999920e-010 -1.117146562037009e-009 
3.380999999999920e-010 -1.113511968442640e-009 
3.381999999999920e-010 -1.109891150187824e-009 
3.382999999999920e-010 -1.106284025519570e-009 
3.383999999999919e-010 -1.102690547433390e-009 
3.384999999999919e-010 -1.099110633874749e-009 
3.385999999999919e-010 -1.095544215463938e-009 
3.386999999999919e-010 -1.091991223488884e-009 
3.387999999999918e-010 -1.088451601036510e-009 
3.388999999999918e-010 -1.084925279579397e-009 
3.389999999999918e-010 -1.081412202345073e-009 
3.390999999999918e-010 -1.077912300973832e-009 
3.391999999999918e-010 -1.074425518752496e-009 
3.392999999999917e-010 -1.070951765217186e-009 
3.393999999999917e-010 -1.067491008452460e-009 
3.394999999999917e-010 -1.064043180654266e-009 
3.395999999999917e-010 -1.060608214640098e-009 
3.396999999999917e-010 -1.057186043918804e-009 
3.397999999999916e-010 -1.053776624936709e-009 
3.398999999999916e-010 -1.050379879374694e-009 
3.399999999999916e-010 -1.046995764048389e-009 
3.400999999999916e-010 -1.043624201045253e-009 
3.401999999999916e-010 -1.040265136609943e-009 
3.402999999999915e-010 -1.036918516761987e-009 
3.403999999999915e-010 -1.033584287207330e-009 
3.404999999999915e-010 -1.030262382212070e-009 
3.405999999999915e-010 -1.026952748027641e-009 
3.406999999999914e-010 -1.023655319555416e-009 
3.407999999999914e-010 -1.020370032738439e-009 
3.408999999999914e-010 -1.017096846770987e-009 
3.409999999999914e-010 -1.013835708458454e-009 
3.410999999999914e-010 -1.010586542115996e-009 
3.411999999999913e-010 -1.007349307437459e-009 
3.412999999999913e-010 -1.004123951770517e-009 
3.413999999999913e-010 -1.000910411149696e-009 
3.414999999999913e-010 -9.977086226837349e-010 
3.415999999999913e-010 -9.945185578707323e-010 
3.416999999999912e-010 -9.913401414866287e-010 
3.417999999999912e-010 -9.881733226221136e-010 
3.418999999999912e-010 -9.850180504070177e-010 
3.419999999999912e-010 -9.818742739405026e-010 
3.420999999999912e-010 -9.787419422609194e-010 
3.421999999999911e-010 -9.756209932747345e-010 
3.422999999999911e-010 -9.725113882497617e-010 
3.423999999999911e-010 -9.694130652076639e-010 
3.424999999999911e-010 -9.663259855229809e-010 
3.425999999999910e-010 -9.632500872258461e-010 
3.426999999999910e-010 -9.601853205912786e-010 
3.427999999999910e-010 -9.571316249267392e-010 
3.428999999999910e-010 -9.540889741496307e-010 
3.429999999999910e-010 -9.510572955835899e-010 
3.430999999999909e-010 -9.480365522616471e-010 
3.431999999999909e-010 -9.450266951532111e-010 
3.432999999999909e-010 -9.420276642113583e-010 
3.433999999999909e-010 -9.390394228755164e-010 
3.434999999999909e-010 -9.360619225777517e-010 
3.435999999999908e-010 -9.330951258443919e-010 
3.436999999999908e-010 -9.301389608462845e-010 
3.437999999999908e-010 -9.271933915209126e-010 
3.438999999999908e-010 -9.242583698949603e-010 
3.439999999999908e-010 -9.213338481440112e-010 
3.440999999999907e-010 -9.184197897788222e-010 
3.441999999999907e-010 -9.155161241491328e-010 
3.442999999999907e-010 -9.126228165275279e-010 
3.443999999999907e-010 -9.097398425117475e-010 
3.444999999999906e-010 -9.068671311738822e-010 
3.445999999999906e-010 -9.040046473899275e-010 
3.446999999999906e-010 -9.011523331593917e-010 
3.447999999999906e-010 -8.983101652387543e-010 
3.448999999999906e-010 -8.954780741298983e-010 
3.449999999999905e-010 -8.926560372703170e-010 
3.450999999999905e-010 -8.898439969390412e-010 
3.451999999999905e-010 -8.870419300975316e-010 
3.452999999999905e-010 -8.842497784911866e-010 
3.453999999999905e-010 -8.814674963657380e-010 
3.454999999999904e-010 -8.786950494799685e-010 
3.455999999999904e-010 -8.759323806836285e-010 
3.456999999999904e-010 -8.731794566469082e-010 
3.457999999999904e-010 -8.704362433892972e-010 
3.458999999999904e-010 -8.677026839386012e-010 
3.459999999999903e-010 -8.649787450834176e-010 
3.460999999999903e-010 -8.622643818946662e-010 
3.461999999999903e-010 -8.595595499258980e-010 
3.462999999999903e-010 -8.568642163318056e-010 
3.463999999999902e-010 -8.541783365321087e-010 
3.464999999999902e-010 -8.515018664701718e-010 
3.465999999999902e-010 -8.488347846914083e-010 
3.466999999999902e-010 -8.461770235442320e-010 
3.467999999999902e-010 -8.435285625498397e-010 
3.468999999999901e-010 -8.408893573788508e-010 
3.469999999999901e-010 -8.382593641387755e-010 
3.470999999999901e-010 -8.356385505772296e-010 
3.471999999999901e-010 -8.330268728203582e-010 
3.472999999999901e-010 -8.304242875535269e-010 
3.473999999999900e-010 -8.278307631696119e-010 
3.474999999999900e-010 -8.252462675856347e-010 
3.475999999999900e-010 -8.226707459739120e-010 
3.476999999999900e-010 -8.201041674762751e-010 
3.477999999999900e-010 -8.175465008278015e-010 
3.478999999999899e-010 -8.149977030780808e-010 
3.479999999999899e-010 -8.124577429198390e-010 
3.480999999999899e-010 -8.099265663895433e-010 
3.481999999999899e-010 -8.074041546126693e-010 
3.482999999999898e-010 -8.048904649251038e-010 
3.483999999999898e-010 -8.023854553215465e-010 
3.484999999999898e-010 -7.998890956621126e-010 
3.485999999999898e-010 -7.974013553866127e-010 
3.486999999999898e-010 -7.949222033624394e-010 
3.487999999999897e-010 -7.924515856767032e-010 
3.488999999999897e-010 -7.899894724775114e-010 
3.489999999999897e-010 -7.875358335570385e-010 
3.490999999999897e-010 -7.850906272405060e-010 
3.491999999999897e-010 -7.826538237114176e-010 
3.492999999999896e-010 -7.802253817574747e-010 
3.493999999999896e-010 -7.778052720195789e-010 
3.494999999999896e-010 -7.753934647728915e-010 
3.495999999999896e-010 -7.729899187930784e-010 
3.496999999999896e-010 -7.705946047076666e-010 
3.497999999999895e-010 -7.682074817598823e-010 
3.498999999999895e-010 -7.658285211600121e-010 
3.499999999999895e-010 -7.634576827171003e-010 
3.500999999999895e-010 -7.610949491983510e-010 
3.501999999999894e-010 -7.587402796132093e-010 
3.502999999999894e-010 -7.563936336031859e-010 
3.503999999999894e-010 -7.540549929883231e-010 
3.504999999999894e-010 -7.517243011538745e-010 
3.505999999999894e-010 -7.494015239058791e-010 
3.506999999999893e-010 -7.470865439057984e-010 
3.507999999999893e-010 -7.447791392334528e-010 
3.508999999999893e-010 -7.424787680834583e-010 
3.509999999999893e-010 -7.401842585390578e-010 
3.510999999999893e-010 -7.378930773018252e-010 
3.511999999999892e-010 -7.356002522992832e-010 
3.512999999999892e-010 -7.332963030940840e-010 
3.513999999999892e-010 -7.309641852038244e-010 
3.514999999999892e-010 -7.285744270006512e-010 
3.515999999999892e-010 -7.260780260131869e-010 
3.516999999999891e-010 -7.233962118188243e-010 
3.517999999999891e-010 -7.204062251072672e-010 
3.518999999999891e-010 -7.169221013544263e-010 
3.519999999999891e-010 -7.126693128087842e-010 
3.520999999999890e-010 -7.072522109542150e-010 
3.521999999999890e-010 -7.001131373408868e-010 
3.522999999999890e-010 -6.904821283243580e-010 
3.523999999999890e-010 -6.773165838272691e-010 
3.524999999999890e-010 -6.592302182584297e-010 
3.525999999999889e-010 -6.344113086074823e-010 
3.526999999999889e-010 -6.005303683571453e-010 
3.527999999999889e-010 -5.546383329486084e-010 
3.528999999999889e-010 -4.930565758232342e-010 
3.529999999999889e-010 -4.112610500088442e-010 
3.530999999999888e-010 -3.037633626393789e-010 
3.531999999999888e-010 -1.639924623987400e-010 
3.532999999999888e-010 1.581863865705345e-011 
3.533999999999888e-010 2.447361514948288e-010 
3.534999999999888e-010 5.332129168177802e-010 
3.535999999999887e-010 8.931537337592090e-010 
3.536999999999887e-010 1.337952039742707e-009 
3.537999999999887e-010 1.882491026260379e-009 
3.538999999999887e-010 2.543102503281525e-009 
3.539999999999886e-010 3.337477035989419e-009 
3.540999999999886e-010 4.284519806183806e-009 
3.541999999999886e-010 5.404147534802325e-009 
3.542999999999886e-010 6.717023504837035e-009 
3.543999999999886e-010 8.244229770868356e-009 
3.544999999999885e-010 1.000687809132280e-008 
3.545999999999885e-010 1.202566429353508e-008 
3.546999999999885e-010 1.432037413941052e-008 
3.547999999999885e-010 1.690935251180880e-008 
3.548999999999885e-010 1.980895218279280e-008 
3.549999999999884e-010 2.303298232990120e-008 
3.550999999999884e-010 2.659218114078709e-008 
3.551999999999884e-010 3.049374083499882e-008 
3.552999999999884e-010 3.474091620077429e-008 
3.553999999999884e-010 3.933275038311041e-008 
3.554999999999883e-010 4.426395197386270e-008 
3.555999999999883e-010 4.952495702078314e-008 
3.556999999999883e-010 5.510220639127557e-008 
3.557999999999883e-010 6.097866390048990e-008 
3.558999999999883e-010 6.713459299104219e-008 
3.559999999999882e-010 7.354859989351393e-008 
3.560999999999882e-010 8.019893926287401e-008 
3.561999999999882e-010 8.706506467463368e-008 
3.562999999999882e-010 9.412939169371733e-008 
3.563999999999881e-010 1.013792264503345e-007 
3.564999999999881e-010 1.088087983490482e-007 
3.565999999999881e-010 1.164213230735127e-007 
3.566999999999881e-010 1.242310124566770e-007 
3.567999999999881e-010 1.322649419739772e-007 
3.568999999999880e-010 1.405646863361530e-007 
3.569999999999880e-010 1.491876385445030e-007 
3.570999999999880e-010 1.582079400144860e-007 
3.571999999999880e-010 1.677169677253013e-007 
3.572999999999880e-010 1.778233497943253e-007 
3.573999999999879e-010 1.886525122950932e-007 
3.574999999999879e-010 2.003457962585700e-007 
3.575999999999879e-010 2.130592240381138e-007 
3.576999999999879e-010 2.269620345795671e-007 
3.577999999999879e-010 2.422351472600514e-007 
3.578999999999878e-010 2.590697481118081e-007 
3.579999999999878e-010 2.776662188525383e-007 
3.580999999999878e-010 2.982336429375677e-007 
3.581999999999878e-010 3.209901217257218e-007 
3.582999999999877e-010 3.461641157246755e-007 
3.583999999999877e-010 3.739969924995223e-007 
3.584999999999877e-010 4.047469177796480e-007 
3.585999999999877e-010 4.386941765607321e-007 
3.586999999999877e-010 4.761479612869706e-007 
3.587999999999876e-010 5.174546209031284e-007 
3.588999999999876e-010 5.630073286863922e-007 
3.589999999999876e-010 6.132571034592465e-007 
3.590999999999876e-010 6.687251108970098e-007 
3.591999999999876e-010 7.300161843306882e-007 
3.592999999999875e-010 7.978335378289836e-007 
3.593999999999875e-010 8.729946924350330e-007 
3.594999999999875e-010 9.564486867932922e-007 
3.595999999999875e-010 1.049294676035435e-006 
3.596999999999875e-010 1.152802023574045e-006 
3.597999999999874e-010 1.268431958751077e-006 
3.598999999999874e-010 1.397860848256091e-006 
3.599999999999874e-010 1.543005201975777e-006 
3.600999999999874e-010 1.706048832598628e-006 
3.601999999999873e-010 1.889473206416611e-006 
3.602999999999873e-010 2.096092907773186e-006 
3.603999999999873e-010 2.329099039654177e-006 
3.604999999999873e-010 2.592113944599803e-006 
3.605999999999873e-010 2.889260572953398e-006 
3.606999999999872e-010 3.225248971737577e-006 
3.607999999999872e-010 3.605480446874213e-006 
3.608999999999872e-010 4.036166454380621e-006 
3.609999999999872e-010 4.524453779715193e-006 
3.610999999999872e-010 5.078540616487863e-006 
3.611999999999871e-010 5.707762142356627e-006 
3.612999999999871e-010 6.422622704410476e-006 
3.613999999999871e-010 7.234755957274329e-006 
3.614999999999871e-010 8.156798497540866e-006 
3.615999999999871e-010 9.202156134253712e-006 
3.616999999999870e-010 1.038462239027192e-005 
3.617999999999870e-010 1.171779333683496e-005 
3.618999999999870e-010 1.321424087089207e-005 
3.619999999999870e-010 1.488447522822615e-005 
3.620999999999869e-010 1.673583186939718e-005 
3.621999999999869e-010 1.877151143700920e-005 
3.622999999999869e-010 2.099003023891922e-005 
3.623999999999869e-010 2.338527848606710e-005 
3.624999999999869e-010 2.594726299085899e-005 
3.625999999999868e-010 2.866349184498236e-005 
3.626999999999868e-010 3.152088565885285e-005 
3.627999999999868e-010 3.450807182057291e-005 
3.628999999999868e-010 3.761790313515233e-005 
3.629999999999868e-010 4.085001347793900e-005 
3.630999999999867e-010 4.421317698265046e-005 
3.631999999999867e-010 4.772718616369794e-005 
3.632999999999867e-010 5.142392337672269e-005 
3.633999999999867e-010 5.534728329727339e-005 
3.634999999999867e-010 5.955163254180464e-005 
3.635999999999866e-010 6.409860302052453e-005 
3.636999999999866e-010 6.905225624784837e-005 
3.637999999999866e-010 7.447305476351323e-005 
3.638999999999866e-010 8.041158727494809e-005 
3.639999999999865e-010 8.690345217669744e-005 
3.640999999999865e-010 9.396686211599570e-005 
3.641999999999865e-010 1.016041990916573e-004 
3.642999999999865e-010 1.098079588974662e-004 
3.643999999999865e-010 1.185705704273362e-004 
3.644999999999864e-010 1.278968453824856e-004 
3.645999999999864e-010 1.378175377749155e-004 
3.646999999999864e-010 1.484026345624100e-004 
3.647999999999864e-010 1.597733470551469e-004 
3.648999999999864e-010 1.721121083843363e-004 
3.649999999999863e-010 1.856700802297245e-004 
3.650999999999863e-010 2.007717011589515e-004 
3.651999999999863e-010 2.178156904346861e-004 
3.652999999999863e-010 2.372717087529371e-004 
3.653999999999863e-010 2.596716830283045e-004 
3.654999999999862e-010 2.855948445331981e-004 
3.655999999999862e-010 3.156461404033061e-004 
3.656999999999862e-010 3.504291603139128e-004 
3.657999999999862e-010 3.905169440527137e-004 
3.658999999999861e-010 4.364258302100060e-004 
3.659999999999861e-010 4.885962770555725e-004 
3.660999999999861e-010 5.473769483466151e-004 
3.661999999999861e-010 6.129921840338343e-004 
3.662999999999861e-010 6.854500689038971e-004 
3.663999999999860e-010 7.643262794530810e-004 
3.664999999999860e-010 8.483525211983289e-004 
3.665999999999860e-010 9.347726316538472e-004 
3.666999999999860e-010 1.018541457392362e-003 
3.667999999999860e-010 1.091662656991344e-003 
3.668999999999859e-010 1.143245037982665e-003 
3.669999999999859e-010 1.160965225425240e-003 
3.670999999999859e-010 1.134160226575654e-003 
3.671999999999859e-010 1.057638607688166e-003 
3.672999999999859e-010 9.342854384361053e-004 
3.673999999999858e-010 7.748713765107569e-004 
3.674999999999858e-010 5.952010748957949e-004 
3.675999999999858e-010 4.122784503734120e-004 
3.676999999999858e-010 2.412263621611815e-004 
3.677999999999857e-010 9.366600534067119e-005 
3.678999999999857e-010 -2.270028344079769e-005 
3.679999999999857e-010 -1.038841086338390e-004 
3.680999999999857e-010 -1.492165023465746e-004 
3.681999999999857e-010 -1.609245251336287e-004 
3.682999999999856e-010 -1.436556323185259e-004 
3.683999999999856e-010 -1.038794782630483e-004 
3.684999999999856e-010 -4.914640644401877e-005 
3.685999999999856e-010 1.274065307810980e-005 
3.686999999999856e-010 7.453288112094339e-005 
3.687999999999855e-010 1.302066659984327e-004 
3.688999999999855e-010 1.754133604620558e-004 
3.689999999999855e-010 2.076659776962332e-004 
3.690999999999855e-010 2.262674604264871e-004 
3.691999999999855e-010 2.320266554423861e-004 
3.692999999999854e-010 2.268381655991515e-004 
3.693999999999854e-010 2.132142596787410e-004 
3.694999999999854e-010 1.938487094243059e-004 
3.695999999999854e-010 1.712684752243712e-004 
3.696999999999853e-010 1.475990970242039e-004 
3.697999999999853e-010 1.244429892022587e-004 
3.698999999999853e-010 1.028522824944129e-004 
3.699999999999853e-010 8.337032838258699e-005 
3.700999999999853e-010 6.611609677542680e-005 
3.701999999999852e-010 5.088998264531055e-005 
3.702999999999852e-010 3.728507499545282e-005 
3.703999999999852e-010 2.479300712472867e-005 
3.704999999999852e-010 1.289744284408835e-005 
3.705999999999852e-010 1.151042442415667e-006 
3.706999999999851e-010 -1.076637098335234e-005 
3.707999999999851e-010 -2.300949484502075e-005 
3.708999999999851e-010 -3.554931612387397e-005 
3.709999999999851e-010 -4.817458878060981e-005 
3.710999999999851e-010 -6.051201349873156e-005 
3.711999999999850e-010 -7.206327932054268e-005 
3.712999999999850e-010 -8.225598739731154e-005 
3.713999999999850e-010 -9.050409415314479e-005 
3.714999999999850e-010 -9.627212783433835e-005 
3.715999999999849e-010 -9.913642026809645e-005 
3.716999999999849e-010 -9.883633881150107e-005 
3.717999999999849e-010 -9.530926372809155e-005 
3.718999999999849e-010 -8.870486902067062e-005 
3.719999999999849e-010 -7.937690180401160e-005 
3.720999999999848e-010 -6.785366762786173e-005 
3.721999999999848e-010 -5.479125966103609e-005 
3.722999999999848e-010 -4.091570056938858e-005 
3.723999999999848e-010 -2.696125083608288e-005 
3.724999999999848e-010 -1.361207250597734e-005 
3.725999999999847e-010 -1.453355029159069e-006 
3.726999999999847e-010 9.063790847700357e-006 
3.727999999999847e-010 1.764151215539902e-005 
3.728999999999847e-010 2.413843901145210e-005 
3.729999999999847e-010 2.855875435600073e-005 
3.730999999999846e-010 3.103022863517597e-005 
3.731999999999846e-010 3.177506976941427e-005 
3.732999999999846e-010 3.107758446284463e-005 
3.733999999999846e-010 2.925229657156800e-005 
3.734999999999845e-010 2.661546189700734e-005 
3.735999999999845e-010 2.346201672708908e-005 
3.736999999999845e-010 2.004905102259087e-005 
3.737999999999845e-010 1.658602759815319e-005 
3.738999999999845e-010 1.323125715167359e-005 
3.739999999999844e-010 1.009362668800679e-005 
3.740999999999844e-010 7.238273634038540e-006 
3.741999999999844e-010 4.694783864700303e-006 
3.742999999999844e-010 2.466538512751531e-006 
3.743999999999844e-010 5.400041207742486e-007 
3.744999999999843e-010 -1.106986427183301e-006 
3.745999999999843e-010 -2.498617301367478e-006 
3.746999999999843e-010 -3.656485656853956e-006 
3.747999999999843e-010 -4.597071968129552e-006 
3.748999999999843e-010 -5.331104477767624e-006 
3.749999999999842e-010 -5.864455818543356e-006 
3.750999999999842e-010 -6.200097327685799e-006 
3.751999999999842e-010 -6.340594131867440e-006 
3.752999999999842e-010 -6.290645840360843e-006 
3.753999999999842e-010 -6.059252126694824e-006 
3.754999999999841e-010 -5.661194191221348e-006 
3.755999999999841e-010 -5.117654721626845e-006 
3.756999999999841e-010 -4.455933210922306e-006 
3.757999999999841e-010 -3.708334938164959e-006 
3.758999999999840e-010 -2.910408489451549e-006 
3.759999999999840e-010 -2.098770610128911e-006 
3.760999999999840e-010 -1.308785313398664e-006 
3.761999999999840e-010 -5.723578656303599e-007 
3.762999999999840e-010 8.393137510007243e-008 
3.763999999999839e-010 6.401854849120302e-007 
3.764999999999839e-010 1.083943605153353e-006 
3.765999999999839e-010 1.410301885272794e-006 
3.766999999999839e-010 1.621443909313150e-006 
3.767999999999839e-010 1.725676584274020e-006 
3.768999999999838e-010 1.736105740300026e-006 
3.769999999999838e-010 1.669105494104268e-006 
3.770999999999838e-010 1.542737108797731e-006 
3.771999999999838e-010 1.375258898299449e-006 
3.772999999999838e-010 1.183842288031297e-006 
3.773999999999837e-010 9.835748404151294e-007 
3.774999999999837e-010 7.867934569107234e-007 
3.775999999999837e-010 6.027543300373769e-007 
3.776999999999837e-010 4.376140871799834e-007 
3.777999999999836e-010 2.946715183849632e-007 
3.778999999999836e-010 1.748028061334536e-007 
3.779999999999836e-010 7.701568473933224e-008 
3.780999999999836e-010 -9.511063237257300e-010 
3.781999999999836e-010 -6.204867746148185e-008 
3.782999999999835e-010 -1.094114835863211e-007 
3.783999999999835e-010 -1.459594031573872e-007 
3.784999999999835e-010 -1.741269767535073e-007 
3.785999999999835e-010 -1.957219488768280e-007 
3.786999999999835e-010 -2.119013044073742e-007 
3.787999999999834e-010 -2.232425773002216e-007 
3.788999999999834e-010 -2.298818654385949e-007 
3.789999999999834e-010 -2.316877426067984e-007 
3.790999999999834e-010 -2.284417108005528e-007 
3.791999999999834e-010 -2.200002519639048e-007 
3.792999999999833e-010 -2.064199820909093e-007 
3.793999999999833e-010 -1.880348724715804e-007 
3.794999999999833e-010 -1.654820173279097e-007 
3.795999999999833e-010 -1.396791659331522e-007 
3.796999999999832e-010 -1.117625815828260e-007 
3.797999999999832e-010 -8.299736131161904e-008 
3.798999999999832e-010 -5.467402006564759e-008 
3.799999999999832e-010 -2.800500532186701e-008 
3.800999999999832e-010 -4.033141629501623e-009 
3.801999999999831e-010 1.643878769603553e-008 
3.802999999999831e-010 3.289156580632485e-008 
3.803999999999831e-010 4.510405509482249e-008 
3.804999999999831e-010 5.313997690592028e-008 
3.805999999999831e-010 5.731105834789215e-008 
3.806999999999830e-010 5.812266189873541e-008 
3.807999999999830e-010 5.620911362688160e-008 
3.808999999999830e-010 5.226613630297990e-008 
3.809999999999830e-010 4.698717588844571e-008 
3.810999999999830e-010 4.100915914917712e-008 
3.811999999999829e-010 3.487155431421707e-008 
3.812999999999829e-010 2.899075864593663e-008 
3.813999999999829e-010 2.365002620178213e-008 
3.814999999999829e-010 1.900356127985888e-008 
3.815999999999828e-010 1.509217468864735e-008 
3.816999999999828e-010 1.186710993320353e-008 
3.817999999999828e-010 9.218317492423470e-009 
3.818999999999828e-010 7.003556794970106e-009 
3.819999999999828e-010 5.075168207189812e-009 
3.820999999999827e-010 3.302080043583616e-009 
3.821999999999827e-010 1.585488059879435e-009 
3.822999999999827e-010 -1.324468177369660e-010 
3.823999999999827e-010 -1.866693020244616e-009 
3.824999999999827e-010 -3.593344648949131e-009 
3.825999999999826e-010 -5.258125937260598e-009 
3.826999999999826e-010 -6.787728068908764e-009 
3.827999999999826e-010 -8.102240589425233e-009 
3.828999999999826e-010 -9.127072176895502e-009 
3.829999999999826e-010 -9.803041374719064e-009 
3.830999999999825e-010 -1.009370436324061e-008 
3.831999999999825e-010 -9.989418789151509e-009 
3.832999999999825e-010 -9.508068075909576e-009 
3.833999999999825e-010 -8.692744525331051e-009 
3.834999999999824e-010 -7.606980436134201e-009 
3.835999999999824e-010 -6.328304363678110e-009 
3.836999999999824e-010 -4.940979138705883e-009 
3.837999999999824e-010 -3.528756875846905e-009 
3.838999999999824e-010 -2.168378684840544e-009 
3.839999999999823e-010 -9.243779511230137e-010 
3.840999999999823e-010 1.544587588487207e-010 
3.841999999999823e-010 1.036833123055405e-009 
3.842999999999823e-010 1.708938476742982e-009 
3.843999999999823e-010 2.172950925554039e-009 
3.844999999999822e-010 2.444354430413203e-009 
3.845999999999822e-010 2.548514047112609e-009 
3.846999999999822e-010 2.516928216332630e-009 
3.847999999999822e-010 2.383560974464326e-009 
3.848999999999822e-010 2.181588528393651e-009 
3.849999999999821e-010 1.940803722326579e-009 
3.850999999999821e-010 1.685819715844090e-009 
3.851999999999821e-010 1.435112140355159e-009 
3.852999999999821e-010 1.200848586400525e-009 
3.853999999999820e-010 9.893826152484080e-010 
3.854999999999820e-010 8.022414255568108e-010 
3.855999999999820e-010 6.374131992988697e-010 
3.856999999999820e-010 4.907412431057907e-010 
3.857999999999820e-010 3.572523850798518e-010 
3.858999999999819e-010 2.322836076013988e-010 
3.859999999999819e-010 1.123149026643851e-010 
3.860999999999819e-010 -4.535579627475307e-012 
3.861999999999819e-010 -1.183535202251822e-010 
3.862999999999819e-010 -2.275688985098841e-010 
3.863999999999818e-010 -3.293287773439190e-010 
3.864999999999818e-010 -4.200194695182185e-010 
3.865999999999818e-010 -4.958510711603592e-010 
3.866999999999818e-010 -5.534223337332441e-010 
3.867999999999818e-010 -5.901982600282251e-010 
3.868999999999817e-010 -6.048517815286741e-010 
3.869999999999817e-010 -5.974431635707981e-010 
3.870999999999817e-010 -5.694324985446342e-010 
3.871999999999817e-010 -5.235401756369048e-010 
3.872999999999816e-010 -4.634851643677134e-010 
3.873999999999816e-010 -3.936410131887883e-010 
3.874999999999816e-010 -3.186534300340717e-010 
3.875999999999816e-010 -2.430626765629104e-010 
3.876999999999816e-010 -1.709679195779217e-010 
3.877999999999815e-010 -1.057623827311925e-010 
3.878999999999815e-010 -4.995710448433719e-011 
3.879999999999815e-010 -5.100303597169021e-012 
3.880999999999815e-010 2.821159599274993e-011 
3.881999999999815e-010 5.024333318720111e-011 
3.882999999999814e-010 6.196937467790058e-011 
3.883999999999814e-010 6.488377395985662e-011 
3.884999999999814e-010 6.079428595987498e-011 
3.885999999999814e-010 5.162206987585114e-011 
3.886999999999814e-010 3.922473413088660e-011 
3.887999999999813e-010 2.525569520095766e-011 
3.888999999999813e-010 1.106725535288426e-011 
3.889999999999813e-010 -2.340568692585280e-012 
3.890999999999813e-010 -1.432827783717011e-011 
3.891999999999812e-010 -2.458878139791555e-011 
3.892999999999812e-010 -3.309221601455975e-011 
3.893999999999812e-010 -4.001411924239427e-011 
3.894999999999812e-010 -4.565739180070952e-011 
3.895999999999812e-010 -5.037735804344055e-011 
3.896999999999811e-010 -5.451750209836238e-011 
3.897999999999811e-010 -5.836074536947977e-011 
3.898999999999811e-010 -6.209896973289985e-011 
3.899999999999811e-010 -6.582083897468865e-011 
3.900999999999811e-010 -6.951604250760684e-011 
3.901999999999810e-010 -7.309257282524725e-011 
3.902999999999810e-010 -7.640265350277766e-011 
3.903999999999810e-010 -7.927288510087282e-011 
3.904999999999810e-010 -8.153400565850503e-011 
3.905999999999810e-010 -8.304691847515496e-011 
3.906999999999809e-010 -8.372209379723319e-011 
3.907999999999809e-010 -8.353099843975655e-011 
3.908999999999809e-010 -8.250907516580677e-011 
3.909999999999809e-010 -8.075104800944701e-011 
3.910999999999808e-010 -7.839979373190987e-011 
3.911999999999808e-010 -7.563092418343828e-011 
3.912999999999808e-010 -7.263520291609827e-011 
3.913999999999808e-010 -6.960098854517243e-011 
3.914999999999808e-010 -6.669851055186220e-011 
3.915999999999807e-010 -6.406748626940877e-011 
3.916999999999807e-010 -6.180899638567186e-011 
3.917999999999807e-010 -5.998189558814475e-011 
3.918999999999807e-010 -5.860363612936080e-011 
3.919999999999807e-010 -5.765484153001505e-011 
3.920999999999806e-010 -5.708668799542436e-011 
3.921999999999806e-010 -5.683000313805658e-011 
3.922999999999806e-010 -5.680495933992623e-011 
3.923999999999806e-010 -5.693030277759332e-011 
3.924999999999806e-010 -5.713123804226111e-011 
3.925999999999805e-010 -5.734539512569451e-011 
3.926999999999805e-010 -5.752660349276854e-011 
3.927999999999805e-010 -5.764629443054844e-011 
3.928999999999805e-010 -5.769290980101754e-011 
3.929999999999804e-010 -5.766954412122090e-011 
3.930999999999804e-010 -5.759046664126314e-011 
3.931999999999804e-010 -5.747694693349501e-011 
3.932999999999804e-010 -5.735301957397782e-011 
3.933999999999804e-010 -5.724165457572845e-011 
3.934999999999803e-010 -5.716161171538335e-011 
3.935999999999803e-010 -5.712534492251182e-011 
3.936999999999803e-010 -5.713792450847422e-011 
3.937999999999803e-010 -5.719701249876776e-011 
3.938999999999803e-010 -5.729373540258519e-011 
3.939999999999802e-010 -5.741421002711214e-011 
3.940999999999802e-010 -5.754145462307588e-011 
3.941999999999802e-010 -5.765753256554114e-011 
3.942999999999802e-010 -5.774552617650059e-011 
3.943999999999802e-010 -5.779117072900969e-011 
3.944999999999801e-010 -5.778413376713496e-011 
3.945999999999801e-010 -5.771869354680596e-011 
3.946999999999801e-010 -5.759388771078362e-011 
3.947999999999801e-010 -5.741323610523712e-011 
3.948999999999801e-010 -5.718397913316058e-011 
3.949999999999800e-010 -5.691609967151897e-011 
3.950999999999800e-010 -5.662118575199358e-011 
3.951999999999800e-010 -5.631127102673572e-011 
3.952999999999800e-010 -5.599781120732860e-011 
3.953999999999799e-010 -5.569077929941525e-011 
3.954999999999799e-010 -5.539811041700045e-011 
3.955999999999799e-010 -5.512535883201147e-011 
3.956999999999799e-010 -5.487560687117300e-011 
3.957999999999799e-010 -5.464963822198568e-011 
3.958999999999798e-010 -5.444630805767555e-011 
3.959999999999798e-010 -5.426297339564918e-011 
3.960999999999798e-010 -5.409607648331645e-011 
3.961999999999798e-010 -5.394158536837398e-011 
3.962999999999798e-010 -5.379556825864737e-011 
3.963999999999797e-010 -5.365446717775444e-011 
3.964999999999797e-010 -5.351541504715920e-011 
3.965999999999797e-010 -5.337634835644646e-011 
3.966999999999797e-010 -5.323604047409511e-011 
3.967999999999797e-010 -5.309401986609310e-011 
3.968999999999796e-010 -5.295043441685823e-011 
3.969999999999796e-010 -5.280587597956163e-011 
3.970999999999796e-010 -5.266115757124376e-011 
3.971999999999796e-010 -5.251710390629142e-011 
3.972999999999795e-010 -5.237445382876394e-011 
3.973999999999795e-010 -5.223368354642416e-011 
3.974999999999795e-010 -5.209497498086267e-011 
3.975999999999795e-010 -5.195819699689115e-011 
3.976999999999795e-010 -5.182293184557101e-011 
3.977999999999794e-010 -5.168855129687631e-011 
3.978999999999794e-010 -5.155428949335164e-011 
3.979999999999794e-010 -5.141936320471716e-011 
3.980999999999794e-010 -5.128304044975314e-011 
3.981999999999794e-010 -5.114472380502113e-011 
3.982999999999793e-010 -5.100399798983734e-011 
3.983999999999793e-010 -5.086068620038674e-011 
3.984999999999793e-010 -5.071485663391905e-011 
3.985999999999793e-010 -5.056674968592114e-011 
3.986999999999793e-010 -5.041682332263213e-011 
3.987999999999792e-010 -5.026559633724333e-011 
3.988999999999792e-010 -5.011369944667023e-011 
3.989999999999792e-010 -4.996174010304271e-011 
3.990999999999792e-010 -4.981029004606621e-011 
3.991999999999791e-010 -4.965983119928190e-011 
3.992999999999791e-010 -4.951072150280899e-011 
3.993999999999791e-010 -4.936319144692859e-011 
3.994999999999791e-010 -4.921734679649900e-011 
3.995999999999791e-010 -4.907318798595879e-011 
3.996999999999790e-010 -4.893057742760049e-011 
3.997999999999790e-010 -4.878935881410986e-011 
3.998999999999790e-010 -4.864927940534434e-011 
3.999999999999790e-010 -4.851012104194977e-011 
